17.615119099999998 16.8489418
18.6514245 17.0373772
18.0768396 16.8886143
17.5979295 16.8300162
17.213285900000002 16.7991168
17.2297308 16.812217599999997
17.2119012 16.7427135
17.1648519 16.7540477
17.1714398 16.860243
17.1111991 16.7235286
17.1224583 16.7473903
17.223629000000003 16.817073399999998
17.2107484 16.7391437
17.2350234 16.758350399999998
17.250621000000002 17.3904039
17.915476200000004 17.302692399999998
17.6531463 17.772066799999997
18.1944568 17.568114899999998
18.1964163 17.5224287
18.188374899999996 17.329180299999997
18.2631873 16.8859053
18.0944857 16.823719600000004
18.180980299999998 16.820123600000002
17.7072303 16.783641099999997
17.389063099999998 16.8093206
17.305948400000002 16.6676513
18.1404104 16.635774899999998
17.3036762 16.6392946
17.247810700000002 16.649150299999995
17.257297199999996 16.830682200000002
17.2608137 16.8020705
17.254869700000004 16.8879319
17.1819158 17.3724919
17.2132974 17.1284284
17.463606900000002 17.2145694
18.402296500000002 16.994063199999996
18.270181099999995 16.959559300000002
18.3614535 16.8672317
18.445145099999998 16.8293816
18.262245 16.782353600000004
18.5118778 16.7655865
18.443305900000002 16.8062145
18.3051566 16.8263931
18.3187379 16.8009843
18.41821 16.8675825
18.2544767 16.8409137
17.7554759 17.062091199999998
17.463708899999997 17.093142800000003
17.4181923 17.232849799999997
17.3718307 17.426220099999995
17.3407412 17.3156672
17.5434097 17.4434274
17.380464300000003 17.3146967
17.330903900000003 17.323730599999998
17.249951399999997 17.4382554
17.2767069 17.073790900000002
17.2763944 16.8835419
18.072005500000003 16.951869699999996
18.948607799999998 16.755831000000004
18.267568400000002 17.1869836
17.847515199999997 16.8935982
17.698908099999993 16.9298515
17.675242500000003 16.8157936
17.5371982 16.7682017
17.342907999999998 16.871277900000003
17.746988800000004 16.839453000000002
17.416075499999998 16.949873400000005
17.504249 17.3432939
17.44614 17.600863699999998
17.634230199999998 17.398325500000002
17.4374281 17.026033399999996
17.510934400000004 17.2153798
17.514171299999997 16.952885200000004
17.5426519 16.9009371
19.487194 16.898767499999998
19.7631184 16.917762600000003
19.3607415 17.3054424
18.998750299999998 16.9369273
19.093119199999997 16.920892799999997
18.160666799999998 16.942542600000003
17.6655349 16.813625100000003
17.9952486 16.813790199999996
17.6915402 16.874626
17.9059613 16.9175961
17.7905482 17.369803400000002
17.7659532 17.7480029
18.179059099999996 17.8706247
17.86882 17.307314599999998
17.8370373 17.1139634
17.7836178 17.1382003
18.225670899999997 16.999426800000002
18.955151199999996 16.921906999999997
18.9845676 16.975672700000004
19.275669999999998 16.890029900000002
19.4401413 17.0259933
19.473144599999998 16.9780454
19.5159332 16.9929372
20.1324748 17.0975506
18.4135031 17.3182617
17.9412344 17.2878848
