time standard deviation 
16.8489418 9.133760018514996
17.0373772 9.27896059988762
16.8886143 9.163273504125248
16.8300162 9.201087192932327
16.7991168 9.142502298271589
16.812217599999997 9.124685835174104
16.7427135 9.154008338576752
16.7540477 9.100166728345135
16.860243 9.189448688031302
16.7235286 9.095599368093941
16.7473903 9.116143550160052
16.817073399999998 9.140432543081246
16.7391437 9.077871253375063
16.758350399999998 9.138758514881879
17.3904039 9.472627267591177
17.302692399999998 9.34950889182577
17.772066799999997 9.285230599835906
17.568114899999998 9.380445918580861
17.5224287 9.45433401918377
17.329180299999997 9.517316093676586
16.8859053 9.198384928016837
16.823719600000004 9.171813225307115
16.820123600000002 9.16727230846279
16.783641099999997 9.127522782527121
16.8093206 9.148194489750596
16.6676513 9.064920593437137
16.635774899999998 9.065428571481199
16.6392946 9.077353723322382
16.649150299999995 9.06135096620545
16.830682200000002 9.165508067988677
16.8020705 9.166098123822193
16.8879319 9.015812054579497
17.3724919 9.375695145174397
17.1284284 9.203785847698462
17.2145694 9.370380370711842
16.994063199999996 9.275554102264103
16.959559300000002 9.218526859529746
16.8672317 9.20318790086055
16.8293816 9.159504856891923
16.782353600000004 9.08719055587022
16.7655865 9.097276686891808
16.8062145 9.135348948932982
16.8263931 9.149596678284137
16.8009843 9.111699466736965
16.8675825 9.209321853489108
16.8409137 9.166543924499475
17.062091199999998 9.194041382904942
17.093142800000003 9.244399714196215
17.232849799999997 9.354578564560136
17.426220099999995 9.339457079704575
17.3156672 9.324884839242511
17.4434274 9.41525376257421
17.3146967 9.247578842604169
17.323730599999998 9.413654188003335
17.4382554 9.405994691865246
17.073790900000002 9.279266706738996
16.8835419 9.195336072974959
16.951869699999996 9.151199732137604
16.755831000000004 9.120321470600572
17.1869836 8.986611427534633
16.8935982 9.17401441832871
16.9298515 9.215923739632437
16.8157936 9.124855961320732
16.7682017 9.111074602111653
16.871277900000003 9.166148673389912
16.839453000000002 9.160740992959393
16.949873400000005 9.102246553054693
17.3432939 9.246454487249734
17.600863699999998 9.468819973023262
17.398325500000002 9.595487743777548
17.026033399999996 9.214268379455435
17.2153798 9.306608709922415
16.952885200000004 9.201388649067002
16.9009371 9.15028478236267
16.898767499999998 9.168808884085935
16.917762600000003 9.167373540499447
17.3054424 9.792996944215293
16.9369273 9.209971644288236
16.920892799999997 9.139945997879295
16.942542600000003 9.168220359615493
16.813625100000003 9.085025599082927
16.813790199999996 9.122858500317319
16.874626 9.122082942474341
16.9175961 9.160447927732918
17.369803400000002 9.20673562300737
17.7480029 9.515909686078706
17.8706247 9.467098214561537
17.307314599999998 9.387135002387048
17.1139634 9.298396316676358
17.1382003 9.326996203182317
16.999426800000002 9.317385040422993
16.921906999999997 9.157681656799898
16.975672700000004 9.174607325244947
16.890029900000002 9.08705165155295
17.0259933 9.266226167947794
16.9780454 9.190919064854544
16.9929372 9.11108249605235
17.0975506 9.167655009207161
17.3182617 9.30054171804706
17.2878848 9.296729527613028
