time standard deviation 
17.615119099999998 8.851061464742425
18.6514245 9.843886619951776
18.0768396 9.540428136587758
17.5979295 9.583300370475337
17.213285900000002 9.218418161220715
17.2297308 9.26313068428245
17.2119012 9.216257224489727
17.1648519 9.194574929067834
17.1714398 9.18434069929037
17.1111991 9.146021587826073
17.1224583 9.166388997698917
17.223629000000003 9.248252797860085
17.2107484 9.210138161682329
17.2350234 9.24631094533065
17.250621000000002 9.265234202239958
17.915476200000004 9.776341415713672
17.6531463 9.282566243040888
18.1944568 9.738956761039425
18.1964163 9.50275731649345
18.188374899999996 9.529167633936082
18.2631873 9.661618206525516
18.0944857 9.49326706828267
18.180980299999998 9.569659875779518
17.7072303 9.533933728152766
17.389063099999998 9.27723663997121
17.305948400000002 9.258120019081199
18.1404104 9.445203234054288
17.3036762 9.20958926992821
17.247810700000002 9.245889973848138
17.257297199999996 9.20470234626832
17.2608137 9.234867435507933
17.254869700000004 9.247085253400831
17.1819158 9.122198487612703
17.2132974 9.205465008201742
17.463606900000002 9.24561735319482
18.402296500000002 9.751293259739167
18.270181099999995 9.510697997596793
18.3614535 9.652894287670952
18.445145099999998 9.77020993667721
18.262245 9.647814007434235
18.5118778 10.064567745495633
18.443305900000002 9.640041142184788
18.3051566 9.604204140409045
18.3187379 9.574684332880414
18.41821 9.682200692937966
18.2544767 9.84546654997639
17.7554759 9.749562856349778
17.463708899999997 9.320752659495326
17.4181923 9.336687065341254
17.3718307 9.279440396042078
17.3407412 9.212433972054349
17.5434097 9.334505548311693
17.380464300000003 9.309312808270365
17.330903900000003 9.253769733770959
17.249951399999997 9.221639434684802
17.2767069 9.199141826961124
17.2763944 9.235239553917088
18.072005500000003 9.532061465745072
18.948607799999998 9.541509855069082
18.267568400000002 9.714993266352721
17.847515199999997 9.402934702374063
17.698908099999993 9.37362442663123
17.675242500000003 9.407176191643593
17.5371982 9.326921315723185
17.342907999999998 9.249862779768634
17.746988800000004 9.743052313345306
17.416075499999998 9.228712297984377
17.504249 9.318454415916039
17.44614 9.28523579044881
17.634230199999998 9.426004292222162
17.4374281 9.252014725284006
17.510934400000004 9.332356881882534
17.514171299999997 9.313474689048862
17.5426519 9.216373241963257
19.487194 11.155906902186551
19.7631184 9.600087974615919
19.3607415 9.761113057134843
18.998750299999998 9.86530281033184
19.093119199999997 9.986412473169462
18.160666799999998 9.693665960175963
17.6655349 9.30766627779997
17.9952486 9.5658944804351
17.6915402 9.333321801139707
17.9059613 9.452342643709525
17.7905482 9.45522337501664
17.7659532 9.346873585493563
18.179059099999996 10.014156543053433
17.86882 9.46973277118209
17.8370373 9.3058016957729
17.7836178 9.431600394913165
18.225670899999997 9.320899249301796
18.955151199999996 9.818470472701119
18.9845676 9.832409395862806
19.275669999999998 9.881865506286834
19.4401413 10.046481015938511
19.473144599999998 9.97609071615409
19.5159332 9.971921072890694
20.1324748 10.666455338095874
18.4135031 9.67967933746037
17.9412344 9.484309122902253
